( 0.000000, 1.000000, 4.854102 )
( 0.000000, -1.000000, 4.854102 )
( 0.000000, 1.000000, -4.854102 )
( 0.000000, -1.000000, -4.854102 )
( 1.000000, 4.854102, 0.000000 )
( -1.000000, 4.854102, 0.000000 )
( 1.000000, -4.854102, 0.000000 )
( -1.000000, -4.854102, 0.000000 )
( 4.854102, 0.000000, 1.000000 )
( 4.854102, 0.000000, -1.000000 )
( -4.854102, 0.000000, 1.000000 )
( -4.854102, 0.000000, -1.000000 )
( 1.000000, 3.618034, 3.236068 )
( -1.000000, 3.618034, 3.236068 )
( 1.000000, -3.618034, 3.236068 )
( -1.000000, -3.618034, 3.236068 )
( 1.000000, 3.618034, -3.236068 )
( -1.000000, 3.618034, -3.236068 )
( 1.000000, -3.618034, -3.236068 )
( -1.000000, -3.618034, -3.236068 )
( 3.618034, 3.236068, 1.000000 )
( -3.618034, 3.236068, 1.000000 )
( 3.618034, -3.236068, 1.000000 )
( -3.618034, -3.236068, 1.000000 )
( 3.618034, 3.236068, -1.000000 )
( -3.618034, 3.236068, -1.000000 )
( 3.618034, -3.236068, -1.000000 )
( -3.618034, -3.236068, -1.000000 )
( 3.236068, 1.000000, 3.618034 )
( -3.236068, 1.000000, 3.618034 )
( 3.236068, -1.000000, 3.618034 )
( -3.236068, -1.000000, 3.618034 )
( 3.236068, 1.000000, -3.618034 )
( -3.236068, 1.000000, -3.618034 )
( 3.236068, -1.000000, -3.618034 )
( -3.236068, -1.000000, -3.618034 )
( 1.618034, 2.000000, 4.236068 )
( -1.618034, 2.000000, 4.236068 )
( 1.618034, -2.000000, 4.236068 )
( -1.618034, -2.000000, 4.236068 )
( 1.618034, 2.000000, -4.236068 )
( -1.618034, 2.000000, -4.236068 )
( 1.618034, -2.000000, -4.236068 )
( -1.618034, -2.000000, -4.236068 )
( 2.000000, 4.236068, 1.618034 )
( -2.000000, 4.236068, 1.618034 )
( 2.000000, -4.236068, 1.618034 )
( -2.000000, -4.236068, 1.618034 )
( 2.000000, 4.236068, -1.618034 )
( -2.000000, 4.236068, -1.618034 )
( 2.000000, -4.236068, -1.618034 )
( -2.000000, -4.236068, -1.618034 )
( 4.236068, 1.618034, 2.000000 )
( -4.236068, 1.618034, 2.000000 )
( 4.236068, -1.618034, 2.000000 )
( -4.236068, -1.618034, 2.000000 )
( 4.236068, 1.618034, -2.000000 )
( -4.236068, 1.618034, -2.000000 )
( 4.236068, -1.618034, -2.000000 )
( -4.236068, -1.618034, -2.000000 )
